0,483
0,482
0,481
0,480
0,472
43,2
39,2
49,52
49,51
49,50
49,49
49,48
49,47
49,46
49,45
49,44
49,43
49,42
49,41
49,40
49,39
49,38
49,37
49,36
49,35
0,273
0,270
3,2
10,125
10,169
10,32
10,204
10,268
10,227
10,80
10,205
11,24
11,22
11,29
11,12
9,2
9,3
8,15
8,13
8,7
8,9
47,4
47,3
47,2
47,1
47,0
45,3
45,1
43,5
43,4
43,3
43,1
39,3
39,1
38,3
38,1
37,3
37,1
32,4
32,3
32,1
27,3
27,1
20,3
20,2
20,1
19,3
19,2
19,1
12,3
12,2
12,1
11,30
11,25
11,23
11,21
11,19
11,18
11,15
11,14
11,13
11,11
11,10
11,9
11,4
11,3
11,2
11,1
10,312
10,311
10,310
10,284
10,273
10,254
10,214
10,210
10,183
10,123
10,122
